layers	Reference	P815_Cocoa_CR	P800_Unknown_BE	P363_Unknown_BE	P360_Cocoa_CR	P3378_Banana_BE	P3335_RedCowpea_BE	P3334_WhiteCowpea_BE	P3333_Amaranth_BE	P3124_LMG_BE	P2809_Apricot_BE	P2764_Cocoa_VN	P2763_Cocoa_VN	P2746_Cocoa_VN	P2740_Qu_CN	P2712_SD_BE	P2711_SD_BE	P240_SD_IT	P2176_Unknown_BE	P2052_Cocoa_CR	P2029_Cocoa_CR	P2024_Cocoa_CR	P2020_Cocoa_CR	P187_SD_IT
P187_SD_IT	0.763730487025984	0.740100808626564	0.83237303513293	0.730323312559637	0.753955020113738	0.77425215731676	0.853615708884656	0.852421065142067	0.848843608242643	0.746191353930639	0.848706888457927	0.754805822937548	0.732819892775609	0.751860199236658	0.742439900602674	0.765646401791525	0.876241543598214	0.99693417220826	0.815758966004238	0.72965729546744	0.741916701275165	0.728328120538396	0.758766592640047	1.0
P2020_Cocoa_CR	0.787980582927693	0.893542061136528	0.82439069582148	0.895825895590345	0.899022092455327	0.807751202557913	0.806743572423752	0.806288816282216	0.804679747368064	0.771735777635864	0.804779431086201	0.818829825713453	0.880392986046523	0.895311563716927	0.779845480903121	0.794469792837839	0.813352090427722	0.810397921214894	0.786452918291768	0.898021668504549	0.897924702720838	0.892132728265455	1.0	0.810973874444734
P2024_Cocoa_CR	0.808640904243719	0.92496290411359	0.828048587980601	0.974431870837301	0.914998573726503	0.819401196086035	0.818859241488868	0.81850288074073	0.815775255416274	0.789610374200216	0.81619345945495	0.824067423561966	0.906796536712376	0.919326363429221	0.80425463971319	0.808316810166751	0.836712475031978	0.807162990407518	0.814299621365471	0.947917290374513	0.936901021338623	1.0	0.926963955774832	0.807884688332146
P2029_Cocoa_CR	0.791218117588468	0.910962191480992	0.824037445425769	0.921689459276385	0.935783683715234	0.810621142235333	0.82135372399846	0.82071942234764	0.817579070200091	0.776474540714334	0.818016621920147	0.815606287829838	0.897838141572049	0.914570246063356	0.796412742664767	0.801009381154682	0.824529081456156	0.811048003957168	0.803204043610204	0.911718990337686	1.0	0.921520918385179	0.915698391088425	0.811243224948539
P2052_Cocoa_CR	0.800121065268796	0.922861305538522	0.827451369340774	0.954361593397063	0.913477702257324	0.820693628698826	0.82010656113118	0.819663716780617	0.818868773654064	0.793079517276481	0.818714606971524	0.826455311980541	0.90359446834183	0.914473574504523	0.807778189253253	0.812752052920777	0.830547570590479	0.810095417452996	0.818003101284419	1.0	0.925102959985163	0.948931251596925	0.930852709582374	0.811000655348361
P2176_Unknown_BE	0.785872877075139	0.775024711727066	0.85123193557162	0.774055144127542	0.774526240846747	0.807496622628204	0.856148313712833	0.855304629410125	0.854547306807271	0.790998656968517	0.853995975588016	0.783613749835032	0.76356219891673	0.77179205686023	0.785624656843525	0.802735193127762	0.873937745586887	0.862217141883334	1.0	0.774223990816434	0.769584306468585	0.771305102905377	0.776043698015144	0.86374349229584
P240_SD_IT	0.762823215462736	0.735593918922952	0.833757724935347	0.7263708953768	0.750984963238712	0.77412731668622	0.85353494425174	0.852703551910806	0.849379391945804	0.743539664838237	0.849036727003414	0.756232116120413	0.72981718920506	0.749573734480318	0.740291255709914	0.763311030934014	0.874718738644449	1.0	0.815571489819686	0.726540487229859	0.738000652634219	0.725145348367104	0.756318005840966	0.99851293752972
P2711_SD_BE	0.768892441267461	0.74081056115958	0.83179443969273	0.726494841607027	0.739874543828486	0.766561034757124	0.826312875576369	0.823898015496048	0.818152573521042	0.748864500482617	0.81851581135992	0.744591411013984	0.728126525818956	0.725665751053796	0.736867376792502	0.783729036190005	1.0	0.839591025260892	0.79856622695372	0.719463332382086	0.725540088479246	0.721260379941366	0.732827841519645	0.842468888158863
P2712_SD_BE	0.803059259461471	0.707227425229989	0.748132806287092	0.708120837198966	0.697166204585369	0.785325220930828	0.751441792726623	0.750379642560565	0.738052118069885	0.77582956094976	0.738052118069885	0.746930709289571	0.684357010759441	0.700161856914208	0.75194764948112	1.0	0.778420464579046	0.731736996310753	0.729101747436715	0.703813915218061	0.707545460302201	0.696050166336841	0.707554619384977	0.733350592061092
P2740_Qu_CN	0.861064903922535	0.798898453182669	0.81347569125591	0.796823232570458	0.799746617450175	0.86401872964946	0.82213996320751	0.822047476191691	0.819172508664664	0.850127164020479	0.819175164316896	0.843843215168011	0.777636991206809	0.793856487790993	1.0	0.872104062255673	0.828864512460985	0.813820434466203	0.81142895808147	0.796286545227436	0.798561537321038	0.79318420878201	0.797709919591097	0.813840189511126
P2746_Cocoa_VN	0.772736735290306	0.908527290998244	0.807964839901514	0.898709210805634	0.882244344784652	0.798444706373369	0.793272013859237	0.79292737256009	0.791478662337845	0.757814028045285	0.791326161654222	0.805009896704035	0.910945365112045	1.0	0.779766600880678	0.784657206009637	0.81162005627406	0.808215747688235	0.788716016242153	0.884749959262373	0.899920551679682	0.892992549221906	0.90054919744316	0.808964873742185
P2763_Cocoa_VN	0.80315994797648	0.934876075930094	0.83616181026088	0.92677938428187	0.924083668001328	0.818694371265361	0.835197379389822	0.834926752250957	0.833266571765188	0.790361450341501	0.833197503724124	0.833805222316797	1.0	0.955796436088997	0.809638572429514	0.815358432261815	0.842944814327863	0.825665395721377	0.819389288722558	0.918711182829555	0.924962287051097	0.922253685215158	0.932264868051313	0.826569916518212
P2764_Cocoa_VN	0.839785200376917	0.818794063725562	0.841521374596991	0.811684099619482	0.824040821269471	0.861984191736864	0.830983974656155	0.830111534806212	0.828383301787911	0.81900125998457	0.828374716659331	1.0	0.800311572396495	0.813704804074625	0.834435015237671	0.852652971888315	0.840094620708962	0.825044752052095	0.813844405079196	0.813516712664891	0.814837317488815	0.809767203148104	0.832390491003301	0.825524566077222
P2809_Apricot_BE	0.790169117934318	0.778990932360402	0.842594318692244	0.771089138907916	0.790081813492439	0.812443286581675	0.998943495406191	0.999212531625928	0.999362450281839	0.788116018084493	1.0	0.792689075833336	0.771871592737323	0.770154410666147	0.777654682095331	0.808421254281437	0.893800451620438	0.889199902998227	0.843091169832034	0.7673769952831	0.779769664911557	0.768165073278917	0.782487476621145	0.889403503750513
P3124_LMG_BE	0.818407284611355	0.732789075046767	0.781989619966733	0.741267708009809	0.748603013864467	0.825821695135676	0.789470330244966	0.789091471494106	0.7877533708782	1.0	0.78794117702166	0.777023175757579	0.720970952525624	0.730390741634779	0.798955128095148	0.846758375237728	0.796963923249584	0.774546968023584	0.775158945909208	0.738602367171449	0.733753156188221	0.737188516428961	0.7424015631825	0.775005467074311
P3333_Amaranth_BE	0.794664524077071	0.77852704788206	0.84182415763635	0.772244714850207	0.789843812969516	0.813267997921573	0.998685331696049	0.99897478735291	1.0	0.788904379901431	0.998458887729257	0.79581807610786	0.771513564555614	0.769303738856219	0.780078805539292	0.806440772065112	0.892289554938759	0.888361998762324	0.840670618702945	0.769005262725034	0.777359140524261	0.76897665253148	0.78036811441587	0.888565421684269
P3334_WhiteCowpea_BE	0.791877533201124	0.774622912203469	0.838721926196561	0.767951348536087	0.785394451592213	0.811886814901074	0.999310628185536	1.0	0.989273480441279	0.784701174350808	0.988348048696655	0.791129190592476	0.766791809486195	0.765086623025445	0.778942479341472	0.805695765338651	0.888865884429438	0.887474172344383	0.838784998921017	0.762364297048751	0.775450699954042	0.763730602581331	0.777250686254228	0.887530880634204
P3335_RedCowpea_BE	0.791750580562366	0.772818013629522	0.834922690024558	0.764894981627641	0.780280140301495	0.807350708346984	1.0	0.998689941892776	0.988655375582077	0.782233801680592	0.988236093456077	0.788700652659313	0.763969901628436	0.762015214781449	0.775216709844914	0.806583307770203	0.886132460301463	0.885284541947027	0.837516267985959	0.759107880836955	0.770566028447499	0.76032887684417	0.777000622357564	0.885425227227326
P3378_Banana_BE	0.845526017456689	0.777374419898326	0.823194564157804	0.779228262141974	0.796577609451566	1.0	0.829703851789023	0.828496289436071	0.825853991476203	0.842911378568371	0.825801673542125	0.843375434115613	0.762452756588591	0.780536127586729	0.836847576193242	0.871802075054463	0.832320631205668	0.8181604902769	0.808185317526275	0.779633031300259	0.77960469961235	0.777879275882182	0.796161056430495	0.818647653724422
P360_Cocoa_CR	0.802779034099397	0.895521424037025	0.83049554626212	0.903399818183812	1.0	0.824047100221884	0.828197688571737	0.82782268742873	0.826329195199296	0.788149298779521	0.826759065860688	0.826050898112958	0.892059309554049	0.892788193905138	0.79768691768656	0.805405784578179	0.838688903548517	0.819582649546335	0.804021438954568	0.898917649669386	0.93134240911464	0.900988553861887	0.915564305278045	0.821067917387813
P363_Unknown_BE	0.800440429543108	0.922291017511847	0.826540498622575	1.0	0.908677366528085	0.813492628467155	0.818147546036455	0.817813306440201	0.815710640600858	0.78695371226575	0.815780202576917	0.820324696332059	0.903906719738926	0.921240643818559	0.805441582322395	0.808459864489109	0.828899350888901	0.803966853216539	0.813525347397921	0.947480488047893	0.928225547896447	0.967544678070728	0.92255681447763	0.804654245175127
P800_Unknown_BE	0.804788617025181	0.794061534303843	1.0	0.788950670434534	0.801171326718497	0.81962602855584	0.855273672442454	0.854842464158199	0.852618610538392	0.79433263083111	0.853118904553876	0.812087168508534	0.781196556388269	0.79600455193603	0.783070702228874	0.81244799608944	0.905852027881754	0.87736158506849	0.850595812104056	0.789792160065675	0.794592715326136	0.786470644310616	0.813469236854914	0.877172395443566
P815_Cocoa_CR	0.764506323300725	1.0	0.796048059479147	0.886241007790276	0.869016632518681	0.782046418341281	0.794716945351303	0.794147802570133	0.790422895667189	0.748405516077627	0.790677635145799	0.795777716424478	0.873403103309534	0.893622327599727	0.773323604689094	0.78152788660781	0.812519961387116	0.780208389444675	0.779366112514588	0.877239043419347	0.883491240129105	0.883241805628723	0.883306644454704	0.781058138657853
Reference	1.0	0.768012850925557	0.815220477589876	0.772448281258518	0.771448159787962	0.838229653513003	0.816234630301821	0.814137293016008	0.807756448730485	0.828903687213365	0.807725448265995	0.808558418960375	0.749614475808528	0.755399284263002	0.825277818774754	0.876447878328924	0.837215464004884	0.801974778870398	0.795904967109831	0.762866996384841	0.761436166339707	0.760764355063096	0.775199607917452	0.803410164108184
