layers	Reference	P815_Cocoa_CR	P800_Unknown_BE	P363_Unknown_BE	P360_Cocoa_CR	P3378_Banana_BE	P3335_RedCowpea_BE	P3334_WhiteCowpea_BE	P3333_Amaranth_BE	P3124_LMG_BE	P2809_Apricot_BE	P2764_Cocoa_VN	P2763_Cocoa_VN	P2746_Cocoa_VN	P2740_Qu_CN	P2712_SD_BE	P2711_SD_BE	P240_SD_IT	P2176_Unknown_BE	P2052_Cocoa_CR	P2029_Cocoa_CR	P2024_Cocoa_CR	P2020_Cocoa_CR	P187_SD_IT
P187_SD_IT	0.9796332815301853	0.9758713526868437	0.9883464412416852	0.977080820802005	0.9761760510328067	0.9794737180249853	0.9900833042053521	0.9899874302897759	0.9899021208791209	0.978828195812808	0.9899203247110622	0.9793456482045039	0.975918254568368	0.9764861538461539	0.9797279615861214	0.9794624137931035	0.9893756954689146	0.9999901930320151	0.9895053526734926	0.976774476010101	0.9763887190594059	0.977314204902577	0.9778269478155339	1.0
P2020_Cocoa_CR	0.9785171924482338	0.9927601049723758	0.9795694214876034	0.9952824917309814	0.992876783561644	0.9782557331730769	0.9776939448441246	0.9775810624249701	0.9776003552077062	0.9768766811684274	0.9775959386281587	0.9801471997621879	0.9929726542161856	0.9933327704194259	0.976689142324425	0.9752762462641961	0.9774757531010043	0.9777222915416915	0.977784603076923	0.9947989084895259	0.9934966721672167	0.9947917036625971	1.0	0.9775563614602034
P2024_Cocoa_CR	0.9779602618453865	0.9943757199100114	0.979538597785978	0.9983438592750534	0.9935287945670631	0.9790575590062112	0.9782261242236027	0.9781572653822249	0.9779801124297314	0.9769078832584991	0.9779881086142322	0.9796995317313616	0.9943500635838151	0.9946340816326532	0.9767401514195585	0.9766906028589185	0.9784193136664661	0.9780163171193936	0.9777654754505907	0.9967347153123274	0.9959006674082314	1.0	0.9950751706771126	0.9778317317380354
P2029_Cocoa_CR	0.9775855730478589	0.9944463196398424	0.9795826219512195	0.9955623679822122	0.9942296276013144	0.9778325030978934	0.9769299878123097	0.976860567419158	0.9768471621621622	0.9760582458386685	0.9768608962553715	0.9793475046324892	0.9939824468696151	0.9941697699214368	0.9760398172652802	0.9757780814312151	0.9772006630500303	0.9770114665841584	0.9779205046728972	0.9951034726143422	1.0	0.9961278217270195	0.9936126013513514	0.977008602350031
P2052_Cocoa_CR	0.9774124466750315	0.9941109843400447	0.9799108912108175	0.9973492648648649	0.9931340577249576	0.9784175911056209	0.9780922939729397	0.9780433004318323	0.9779610129709698	0.9761152248258392	0.9779435784919654	0.9791868895705521	0.9940263573487031	0.9943616713721061	0.9762181425891181	0.9761400245700247	0.977712940821256	0.9777905973864346	0.977406029593095	1.0	0.9950872346368715	0.9966991096634096	0.9950180011074197	0.977594294592915
P2176_Unknown_BE	0.9797979058240395	0.9756167046173307	0.988223406976744	0.9768455	0.9761740479192941	0.9799138498789346	0.986391450028885	0.9863455086705202	0.9863097627314814	0.9787533600988265	0.9863068945538817	0.9796236654135336	0.9754232043842681	0.977523864213198	0.9795976822429907	0.9784676339554487	0.9887654101123596	0.989358392652124	1.0	0.9767367789072428	0.9764120279720281	0.9768852281368822	0.9773197842639594	0.989175437392796
P240_SD_IT	0.9795260908547521	0.9754625620347395	0.9878994290465631	0.976914877126654	0.9759787895377129	0.9797028630952381	0.9896830727173318	0.9896555798687089	0.9895648215266337	0.978819562268804	0.989584603960396	0.9790008495145631	0.9755466666666665	0.9761120721271394	0.9800350249066003	0.9792754854079809	0.9890464255543823	1.0	0.9895129857549857	0.9764119442685244	0.9764579950186799	0.9771842361111113	0.9778150823672971	0.9999931329262565
P2711_SD_BE	0.9800606959706959	0.9761915025252524	0.9917078760045924	0.9769971061093248	0.9771585470625396	0.981535417177914	0.9881386666666668	0.9883406693594923	0.9881941836141778	0.9803653132832081	0.988203524970964	0.9806630871212122	0.978152583547558	0.9781470561652679	0.980820719745223	0.9795403229665071	1.0	0.9888584654586636	0.9892553126861228	0.9782744335937499	0.9763944144144143	0.9785115734720415	0.9778222762148336	0.9887978172588833
P2712_SD_BE	0.9922541214622642	0.9746386854153042	0.9797302857142858	0.9748588005215123	0.97738273089701	0.9888810870870871	0.9794094303405574	0.9794399317617867	0.9793826940063092	0.9920961416361417	0.9793826940063092	0.9867166541117388	0.9761620920785375	0.9758614795244387	0.9891969905956114	1.0	0.9798259330143542	0.9800112221514959	0.9781531867431484	0.9759320959264127	0.9751729673202616	0.9768325898801599	0.9760644109947645	0.9800234095238096
P2740_Qu_CN	0.9914639502602661	0.9739181408276715	0.9799777723076922	0.9755452513966479	0.9773623927905531	0.989146762295082	0.9804888099574985	0.9804540473300971	0.9804069047619046	0.9898897110849056	0.9804094566544567	0.9860360449970398	0.9756542285345384	0.9747777443609021	1.0	0.9893242272727273	0.9805376794258374	0.979784963190184	0.9793905253512525	0.975681547099189	0.9749999626400997	0.976081805728518	0.9765152852664577	0.9796110313075507
P2746_Cocoa_VN	0.9778545333333334	0.9943781767648695	0.9790932741738065	0.9944096004501971	0.9931850427350427	0.9773354017305315	0.9783027857589008	0.9781362476547842	0.9780830012531329	0.9760269844357977	0.9780774466750313	0.9789697472256473	0.9963767732884401	1.0	0.9761118682710576	0.9768908017402111	0.9776953256936068	0.9766801772616135	0.9783170507201002	0.9942504197814838	0.994434192459201	0.9946140056657224	0.9939706380575946	0.976710530487805
P2763_Cocoa_VN	0.9770894832041342	0.9943277045454546	0.9800265913370997	0.9947111456534254	0.9931715446685881	0.9784592774936062	0.9785395622263914	0.9785250938673342	0.9785135866834171	0.9770403036303631	0.9785056002514142	0.9795974387947269	1.0	0.9968081050866409	0.9760092396907216	0.977246187460418	0.9784283845208847	0.9774505819101834	0.9771740329740012	0.9943481887012232	0.9943003466204507	0.9943080555555558	0.993798744266055	0.9774987760252367
P2764_Cocoa_VN	0.985559919493962	0.9773646012994683	0.9796638537434708	0.9786023976261128	0.9804552448377583	0.9854840455840457	0.980562878876536	0.9805069794721408	0.9804567629716983	0.986076023880597	0.9804588384433963	1.0	0.9785697912829957	0.9783408786610879	0.9858317136150234	0.9852510777084514	0.9797654951345163	0.9781063123899003	0.978640243902439	0.9785520538922156	0.979047767164179	0.9792655131264917	0.9801912705882353	0.9778158172231984
P2809_Apricot_BE	0.9801749493746279	0.9770880060240964	0.9880537194775697	0.9774304278728607	0.9769456167664672	0.9810843582263711	0.9999675083692015	0.9998926086956522	0.9999916475644699	0.9790779181708784	1.0	0.9806532534451767	0.9775005958230959	0.9777129817073171	0.9803674785276074	0.9797911914401388	0.9884616200527705	0.9905123365487675	0.9872561776278809	0.9773242300556585	0.976484781287971	0.9776871894218943	0.9771781200727714	0.9905193368983958
P3124_LMG_BE	0.9917678263403263	0.97567088501292	0.9804180666666669	0.9761147013977128	0.9782232239747635	0.9904395573675016	0.9796836630695442	0.979692303539292	0.9796545306859206	1.0	0.9796685396634613	0.9868316666666667	0.9765799003322259	0.9763712890625	0.9899538178528348	0.9917891206313416	0.9796670720188901	0.9788189044430919	0.9786113202933986	0.9762020179372197	0.9766300064557778	0.9765730582213692	0.9779558819756254	0.9788279014598539
P3333_Amaranth_BE	0.9802469940828401	0.9768318302227573	0.9880197609561752	0.9769731909701037	0.9766363076002393	0.9810866239067056	0.9999160220201053	0.9998952390057362	1.0	0.9789365446910618	0.9999953349282297	0.9804684844868734	0.9772726199261992	0.977547379352474	0.9801753719512195	0.9802501101449274	0.9884534320465362	0.9905372103004293	0.9873117015262861	0.9768582552404438	0.976148246041413	0.9773259791282997	0.9767699513677812	0.9905434689507494
P3334_WhiteCowpea_BE	0.9808025616355984	0.9775222721674877	0.9881827304147466	0.9778614597629444	0.9772147076735687	0.9811934667451443	0.9999845348837211	1.0	0.999841016121153	0.9800184043848965	0.9998465834557024	0.9810484210526316	0.9781460075093869	0.9780595226286423	0.9810240590405904	0.9804058289085547	0.9886883879634604	0.9906095874049946	0.9872951718213057	0.9775339332913783	0.9766851700680275	0.9780048052763819	0.9773537886279356	0.9906172505422994
P3335_RedCowpea_BE	0.9807476371308016	0.9774854972205066	0.988197218350755	0.9775528277153558	0.9771408517156863	0.9811849315883403	1.0	0.9998786546867412	0.9998400195886386	0.9795213516819573	0.9998423860852523	0.9805413851761848	0.9777488408521303	0.9781053212726138	0.9804350217526414	0.9798632724056603	0.988649751082251	0.9907537595628416	0.9871231109833238	0.9773148517350158	0.9765366500622665	0.9778238176100627	0.9774680999383095	0.9907591057797164
P3378_Banana_BE	0.9898965574712644	0.9761496404215746	0.9805325132743362	0.9764206419753088	0.9787358708891596	1.0	0.9798042656524284	0.9799124692082112	0.980011936433196	0.9898442108328479	0.9800160270747499	0.9861884414831981	0.9771057837492002	0.9772834704049842	0.9886353223915592	0.9888845905292479	0.980862605430387	0.9786203264094955	0.9789418323353295	0.9774137826086957	0.9771070504044805	0.9777267080745342	0.9779555419473362	0.9785067694131595
P360_Cocoa_CR	0.9780958541147132	0.9920154738655947	0.9796376806314512	0.9929414521640091	1.0	0.9781575122850122	0.9769569198055894	0.9767618248175183	0.9767184348355663	0.9767542364217252	0.9767248265368228	0.9807752450980393	0.9930502396259497	0.992591626297578	0.9776080152671754	0.9771769054972205	0.9769123228111971	0.9770079507692309	0.9771935165521549	0.9930961351819757	0.993957836938436	0.9934189536878215	0.9927393042986427	0.9768432230392158
P363_Unknown_BE	0.9777621628498727	0.9943414971751413	0.9801024598269468	1.0	0.9935696674311926	0.978596142227816	0.977878975	0.9777451031894933	0.9777105527638191	0.9770237799352751	0.9777112876884424	0.9796097501561525	0.9944037674418605	0.9942569043576684	0.9755970677644079	0.9764070050125315	0.9776134434250766	0.9777793037974684	0.9778519020715633	0.9973213440265488	0.9956451181102364	0.9983218530524042	0.9955007961603615	0.9777908780795957
P800_Unknown_BE	0.981518255602665	0.9779369963144963	1.0	0.9790626159554731	0.9787300737100736	0.98182274909964	0.9878237088388214	0.9878326878612717	0.9878038943702845	0.9813044239063462	0.9878109965237545	0.9812119064966608	0.9792726813880127	0.9785804551045508	0.9813477332498436	0.9806223966446974	0.992477924631349	0.9874751406074243	0.9885074491574665	0.9795585021752642	0.9783212831585442	0.9788940522063395	0.9789776737160121	0.9874582677165353
P815_Cocoa_CR	0.977212706480305	1.0	0.9782005398773008	0.9946716563380282	0.9930090034364262	0.9777234376956794	0.9782468980343981	0.9781448923076923	0.9780558096415327	0.9761227828348505	0.9780824706609019	0.9778827239263804	0.9943859803354541	0.9941782061281338	0.975500580075662	0.9771750092879259	0.9776298265550238	0.9763309750000001	0.9765766520376176	0.9939779942857142	0.9942640067720092	0.9944301297236322	0.9932852488687783	0.976166414740787
Reference	1.0	0.9745684605087016	0.9797936086404065	0.9752895143047239	0.9790776439089693	0.9884788396756082	0.9794335506329114	0.979513580952381	0.9796722023047374	0.9922208301647655	0.9796707682458385	0.9867119974226803	0.9765888949897047	0.97734990443686	0.9903758958068615	0.992319227082085	0.9797868355995054	0.9808699870884442	0.9795091937581275	0.9770025371120109	0.9775101692620175	0.9775189694915255	0.9779812066666665	0.98088418814433
