layers	Type_strain	Reference	P568_Madre_SD_BE	P527_SD_Italy	P526_SD_Italy	P518_SD_Italy	P516_SD_Italy	P515_SD_Italy	P2800_SD_BE	P2799_SD_BE	P2187_Madre_SD_BE	P2186_Madre_SD_BE	P2185_Madre_SD_BE	P2183_Madre_SD_BE	P2182_Madre_SD_BE	P1194_Madre_SD_BE	P1191_Madre_SD_BE	P1190_Madre_SD_BE
P1190_Madre_SD_BE	0.8700168809716263	0.9179570252672086	0.9146718459085386	0.8947901098595036	0.8817387668306023	0.8790027006734281	0.8851829759624202	0.897481459514765	0.9874989540394731	0.9997903844240592	0.984629161292107	0.9808835081014332	0.9842256315482345	0.9993922231021737	0.9925450132594044	0.8846479642350452	0.8935925678392741	1.0
P1191_Madre_SD_BE	0.9200688914937527	0.9339384415708797	0.9157068353177098	0.9221864447495824	0.9087367687212732	0.9736411954686061	0.9125483181254304	0.9238927940794643	0.9246287988302881	0.9272065463282477	0.9370766965876343	0.9362766108092605	0.9337350424383553	0.9269285224285654	0.9274850528244163	0.9077716348775734	1.0	0.9263043788845775
P1194_Madre_SD_BE	0.8592507925883553	0.8762331657595187	0.8678085320521505	0.8614100764862878	0.8517758107037647	0.8626026257191218	0.8512573407974395	0.8622688175150414	0.8765565189743075	0.8802243202696954	0.8876472111143539	0.8847817214320384	0.8842959455459779	0.8800028304710374	0.8767069829230039	1.0	0.8697441568924935	0.8793273351555215
P2182_Madre_SD_BE	0.8698499939048091	0.916526467646173	0.9136926314603688	0.8993671728281944	0.8843310211568205	0.8801087756643831	0.8864398838943472	0.9011682054259824	0.9945302077834643	0.9991493707989636	0.9847321097801366	0.982529606954617	0.9837840057727174	0.9987657395820216	1.0	0.8840737838716258	0.8961861829370115	0.9981546095790204
P2183_Madre_SD_BE	0.8698364812607181	0.916065413301901	0.9151124150452243	0.8972715545524297	0.8841145204144685	0.8812155651470854	0.8878091640529796	0.9003591357585266	0.9865154333191354	0.9996902492497328	0.9845492211339403	0.9804253945697298	0.9842105515180305	1.0	0.9917566715756131	0.8869767172195042	0.8964443991960355	0.9989421623704736
P2185_Madre_SD_BE	0.8643178455900179	0.9230513755868827	0.9122401902751556	0.8914053780451279	0.877196175304316	0.8829583205356512	0.8802868486017811	0.894656211518758	0.9694224967940663	0.9807957172074001	0.9996714716992696	0.9947223737621874	1.0	0.9803829713736157	0.9724055037173482	0.8846707066797269	0.8994243956486326	0.9804162330284854
P2186_Madre_SD_BE	0.8681272230668601	0.927254783262389	0.9152812132513054	0.8912538543283943	0.8755078613588905	0.883597095963454	0.8777164131028591	0.8930841785984566	0.9682744725231671	0.9774198105949131	0.999614183707519	1.0	0.9961344205618217	0.9771338775368377	0.9720308349023743	0.8915149427769754	0.9011291105780413	0.9764177859075399
P2187_Madre_SD_BE	0.8648694296252765	0.9230160832672318	0.9153629356686431	0.889678206214628	0.8765430248493038	0.8814382010826594	0.8768047304707292	0.8919862677853843	0.9653611021496359	0.9774012061469077	1.0	0.9925333562085734	0.9952155662007196	0.9765851500980969	0.9689955763082398	0.886941185768154	0.8979421096898313	0.9754017702205752
P2799_SD_BE	0.8709058793438013	0.9162088702617742	0.9150688924042516	0.8942832752683825	0.8807293235326107	0.8777571672147623	0.8822304611916333	0.8959295867660241	0.9872002930518179	1.0	0.9839199747829548	0.9798312649926418	0.9832309065291022	0.9990672768082253	0.9909029879114633	0.8852325726001831	0.8917354519076135	0.9980423473812066
P2800_SD_BE	0.8719169688784754	0.9164283245002668	0.9120099266017184	0.8953537981168048	0.8794953390136973	0.8811843218023641	0.8817613164152942	0.897278602424834	1.0	0.9999186457400983	0.9855070775367558	0.9835984885436179	0.9848259816638189	0.9994333477007032	0.9993263353187127	0.8864640041093007	0.8959676007807617	0.9993651026973405
P515_SD_Italy	0.8499522254535268	0.9117511790199916	0.8933128483693697	0.9681971905463242	0.9285838527401346	0.8569548309044294	0.9295512577991993	1.0	0.8691299592164015	0.8719432421947934	0.8728796265043677	0.8708018942749826	0.8702839966850762	0.87151311733097	0.8704321307843407	0.8476039939191591	0.86832618306034	0.8724430662399375
P516_SD_Italy	0.9003206006494395	0.9620747463137762	0.937947681037303	0.9962328376086446	0.9914047203693189	0.9086389946447541	1.0	0.9966427047644167	0.9164323430545243	0.9190032391955197	0.9182342830540061	0.9161290284045441	0.9167431441622654	0.9186457559204811	0.9174887181165511	0.8915837559507069	0.9150927863274322	0.919027895207093
P518_SD_Italy	0.9315753223057252	0.9398555993428038	0.9199790779599823	0.9293246499546014	0.9243944981041231	1.0	0.925875229252461	0.9316813325033159	0.9277733450508494	0.9294771787503376	0.9364768351313584	0.9357179412187558	0.934333689948325	0.9292865001353816	0.928409984558678	0.917669312220909	0.9972764660304032	0.9291507977303027
P526_SD_Italy	0.8995106803571139	0.9588763236381974	0.9370873351481789	0.9967240474920993	1.0	0.9093586247079453	0.9917372514632932	0.9969521647812446	0.9186030665508886	0.9219644295210331	0.9200374293637714	0.9184516628900621	0.9196322050138593	0.9215949852588664	0.9204799977170648	0.890723660119913	0.9165704696885655	0.9213387315141207
P527_SD_Italy	0.8746316466978103	0.9376768108943758	0.9167766178174837	1.0	0.9570757644991574	0.8805971484681552	0.9572027285296972	0.9969071951570865	0.8937429890740237	0.896729805859913	0.896636752128636	0.8947235166085256	0.8941717846188999	0.8963301401006729	0.8947381450930436	0.8712262924382718	0.8931154851333337	0.8960752063107008
P568_Madre_SD_BE	0.7826010872260195	0.9043284600115614	1.0	0.8421393208061468	0.8226241971251178	0.8059084931174806	0.8245878824818744	0.840441519964045	0.8363241401768242	0.8458653634468734	0.8529625785983409	0.848290506944387	0.8498671891587872	0.8458206617913768	0.840817661374079	0.8007003248030043	0.8246763521969495	0.8414879786758802
Reference	0.8208956788008972	1.0	0.9278368889069569	0.8896575238435273	0.8715475248423632	0.8477838343934659	0.8707143820882569	0.8848942466594923	0.8650408202710091	0.8739474126531752	0.8826836005117478	0.8811080525995523	0.8802296417165482	0.873293130867632	0.8657099904466936	0.8324731383547436	0.8604923694437943	0.8701215756480676
Type_strain	1.0	0.9254963888201123	0.9060893903517316	0.9165180811301306	0.9115165395117338	0.9342827623086789	0.9107889426242233	0.917529127640245	0.9187640522062716	0.9214839043546236	0.920042919947144	0.9193568490638349	0.919698022760045	0.9212105649921783	0.9200383556951661	0.9141256317352643	0.9379847466181873	0.9212114573084415
