layers	Type_strain	Reference	P568_Madre_SD_BE	P527_SD_Italy	P526_SD_Italy	P518_SD_Italy	P516_SD_Italy	P515_SD_Italy	P2800_SD_BE	P2799_SD_BE	P2187_Madre_SD_BE	P2186_Madre_SD_BE	P2185_Madre_SD_BE	P2183_Madre_SD_BE	P2182_Madre_SD_BE	P1194_Madre_SD_BE	P1191_Madre_SD_BE	P1190_Madre_SD_BE
P1190_Madre_SD_BE	0.9926784177777778	0.9930237781484571	0.9926507178631052	0.9922522365038561	0.9928481407471763	0.9928827216856893	0.992628444252377	0.9922743125533733	0.9998611137254902	0.9998605663304888	0.9989108575924469	0.9989085375494072	0.9988017781274587	0.9999170574534162	0.9997102886115444	0.9934638454861111	0.9927573516766981	1.0
P1191_Madre_SD_BE	0.9941774131944446	0.9917006896551724	0.9915924935732648	0.9917526153846156	0.9922376835664336	0.9999176402640265	0.9923569130434783	0.9917195648464164	0.992339052092229	0.9924668595744681	0.9927675777964676	0.9927509351305814	0.9927815807269654	0.9925137393526405	0.9924136936170213	0.9932090592334494	1.0	0.9924704603580563
P1194_Madre_SD_BE	0.9935652046263345	0.9925551491901108	0.9921924656357389	0.9920215752828546	0.9923630168589175	0.9936487335092349	0.9923937976929902	0.9920427589208007	0.9934379127459367	0.9934952044293016	0.9933541399662733	0.9935380254237288	0.993544115156647	0.9935517802385009	0.9933951582549188	1.0	0.9934643474503027	0.9935432480818414
P2182_Madre_SD_BE	0.9922961012433392	0.992915894039735	0.9925886533665836	0.9919465000000002	0.9927267071057193	0.9927515337423313	0.9924708283002589	0.9919417413355877	0.9999241962905719	0.9999448501152961	0.9988849066874028	0.9988891893998443	0.998892352024922	0.9999425461538463	1.0	0.993763905172414	0.9925168456947997	0.9998743802925327
P2183_Madre_SD_BE	0.9921856838365897	0.9928310693400166	0.9923559682804676	0.991440409556314	0.992703515151515	0.9921172227074236	0.9923024568965516	0.991325836873407	0.9998297800471327	0.9998305973622964	0.9988870518867924	0.9988887124802528	0.9988761713836478	1.0	0.99978028125	0.9931318858131488	0.9920001110162254	0.9999840170940171
P2185_Madre_SD_BE	0.9926431083481351	0.9921809605911331	0.9921590531561463	0.9916197451146984	0.9918578892733564	0.9930905882352942	0.9917119758412425	0.9914294928148775	0.9985980634920636	0.9985330455259027	0.9999159800153729	0.9998066563706565	1.0	0.998633809897879	0.9985755933544306	0.9931046326707003	0.9927954184277262	0.9985306598586017
P2186_Madre_SD_BE	0.9926248890860692	0.9924795884773662	0.9926255657237937	0.9915824081981214	0.99245323117338	0.9932635888501743	0.9922430191972076	0.9913719250425893	0.9986309610802225	0.9985589535798585	0.9999204237288136	1.0	0.9998229675425039	0.9983844767899293	0.9982863162055337	0.9928938712446352	0.9929264770797963	0.9985385342789599
P2187_Madre_SD_BE	0.9928869155555556	0.9922560461285008	0.9920507136929462	0.9916141538461538	0.9922036236933798	0.9930793570807994	0.9918972996515679	0.9915649275362318	0.998793373301359	0.998721721958926	1.0	0.9998841071428572	0.9998824922600619	0.9986466166007906	0.9985800318471338	0.9931394896193771	0.9927736757215619	0.9986939034045924
P2799_SD_BE	0.9925169866666665	0.992985855704698	0.9926304606365158	0.9924265864144454	0.9930704283216782	0.9929358135444152	0.9928937260034902	0.9922938025751072	0.9999585467399843	1.0	0.9990120409771475	0.9990390901898734	0.9989151300236406	0.9998891757387247	0.9998719812059516	0.9932256250000001	0.992829103448276	0.9998881089494164
P2800_SD_BE	0.992311550660793	0.9930614720394736	0.992771041322314	0.9920134096692113	0.992823894189072	0.9927820590790617	0.9925685159620362	0.9920175232459849	1.0	0.9999288167938931	0.9988503944315545	0.998854305663305	0.998754907120743	0.999891810542399	0.9998457983193277	0.9934573783091375	0.9925497804054054	0.9998908479755539
P515_SD_Italy	0.9919850570676032	0.9935940275526745	0.9940863576158941	0.9999447644787646	0.9996318108326598	0.9920051951431049	0.9993581129032257	1.0	0.9923111489361702	0.9921293898305087	0.9918425253378378	0.992095593220339	0.991976593220339	0.992118150975403	0.9921044567062819	0.99204103930131	0.9917730638297871	0.9921278746824724
P516_SD_Italy	0.9922932179930796	0.9942693639291466	0.9947256069364163	0.999707641509434	0.9998723501577287	0.9916986581196582	1.0	0.9996493867924529	0.993083459915612	0.992674411764706	0.9924708487394958	0.9927117383966244	0.9926017760942761	0.9927447350714887	0.9928009427609429	0.9919593842150911	0.9918950337837837	0.9927482352941176
P518_SD_Italy	0.9945938103448276	0.9918767002518892	0.9917516595380668	0.9917100510638298	0.9919491472868218	1.0	0.991903982832618	0.9916813570822731	0.9927867348678601	0.9927694042553192	0.9933357890295359	0.9933211421319799	0.9933347332768839	0.9928527938671211	0.9927300596760443	0.9929910344827586	0.9997830337078654	0.9928582964224871
P526_SD_Italy	0.9925683753258037	0.993865702811245	0.9940755838815791	0.9997095397815912	1.0	0.9920496324786325	0.9996094113029829	0.9996476443057722	0.99278269295302	0.9923594574290485	0.9923327591973243	0.9924254568315174	0.9923077257525084	0.992434469507101	0.9925014464882943	0.9918083823529412	0.9918985281749368	0.9924419131161236
P527_SD_Italy	0.9919834702797203	0.9935076618122978	0.9941349048800662	1.0	0.9996827733118973	0.9920260726643599	0.999405961383749	0.9999196000000001	0.9924343962585035	0.9920848223350254	0.9919503375527426	0.992133649449619	0.9920481371718883	0.9920739881456393	0.9922233587786259	0.9919000782608696	0.9918778880407125	0.9920817781541068
P568_Madre_SD_BE	0.9918615195632394	0.9970001194267516	1.0	0.9936375698560542	0.9952010503472223	0.9919931332744925	0.9952711072664362	0.9934223853989812	0.993267442455243	0.9929326178451179	0.9926778631051754	0.9927830168067228	0.9926452217573222	0.992928265993266	0.9928444839255499	0.9924249554367203	0.9913966437177281	0.9929199238578682
Reference	0.9923299191374664	1.0	0.9966972996794873	0.9927649462365592	0.9941458445945947	0.9916249696444059	0.9942430626057529	0.9927098417985012	0.9926354390451834	0.9925297637130802	0.992732449832776	0.9928641575859178	0.9927210058675607	0.9925280405405406	0.9925529752770673	0.9923802745792738	0.9914162874251496	0.992501840542833
Type_strain	1.0	0.9915058742463393	0.9907687774846086	0.9921996945898778	0.9927277308707124	0.9944252099400173	0.9928930958663149	0.9922102792321118	0.9915227059843886	0.9913095332757129	0.9913160380622837	0.9913529437229437	0.9913337781629116	0.9913003200692043	0.991303316017316	0.992842666083916	0.9943220819112629	0.9913012802768169
